06400093
0000a103
0040a103
0200a103
0480a103
0640a103
0800a103
0a00a103
0c00a103
00000093
0040a103
0080a103
00c0a103
00C0a103
0100a103
0000a103
0040a103
0080a103
00C0a103
0100a103
00000111
00000001
00000010
00000011
00001000
00020000
0002ffff
00022222
00033333
00044444
00004444
0000facd
00004444
00004445
00004446
00004447
00044444
00044445
00044446
00044447
0000facc
0000facd
0000face
0000facf
00044446
00000011
00000001
01110011
001abc00
00000000
afab0001
45789abc
00000111
00000001
00000010
00000011
00001000
00020000
0002ffff
00022222
00033333
00044444
00004444
0000facd
00004444
00004445
00004446
00004447
00044444
00044445
00044446
00044447
0000facc
0000facd
0000face
0000facf
00044446
00000011
00000001
01110011
001abc00
00000000
afab0001
45789abc
00000111
00000001
00000010
00000011
00001000
00020000
0002ffff
00022222
00033333
00044444
00004444
0000facd
00004444
00004445
00004446
00004447
00044444
00044445
00044446
00044447
0000facc
0000facd
0000face
0000facf
00044446
00000011
00000001
01110011
001abc00
00000000
afab0001
45789abc
00000111
00000001
00000010
00000011
00001000
00020000
0002ffff
00022222
00033333
00044444
00004444
0000facd
00004444
00004445
00004446
00004447
00044444
00044445
00044446
00044447
0000facc
0000facd
0000face
0000facf
00044446
00000011
00000001
01110011
001abc00
00000000
afab0001
45789abc
00000111
00000001
00000010
00000011
00001000
00020000
0002ffff
00022222
00033333
00044444
00004444
0000facd
00004444
00004445
00004446
00004447
00044444
00044445
00044446
00044447
0000facc
0000facd
0000face
0000facf
00044446
00000011
00000001
01110011
001abc00
00000000
afab0001
45789abc
00000111
00000001
00000010
00000011
00001000
00020000
0002ffff
00022222
00033333
00044444
00004444
0000facd
00004444
00004445
00004446
00004447
00044444
00044445
00044446
00044447
0000facc
0000facd
0000face
0000facf
00044446
00000011
00000001
01110011
001abc00
00000000
afab0001
45789abc
00000111
00000001
00000010
00000011
00001000
00020000
0002ffff
00022222
00033333
00044444
00004444
0000facd
00004444
00004445
00004446
00004447
00044444
00044445
00044446
00044447
0000facc
0000facd
0000face
0000facf
00044446
00000011
00000001
01110011
001abc00
00000000
afab0001
45789abc
00000111
00000001
00000010
00000011
00001000
00020000
0002ffff
00022222
00033333
00044444
00004444
0000facd
00004444
00004445
00004446
00004447
00044444
00044445
00044446
00044447
0000facc
0000facd
0000face
0000facf
00044446
00000011
00000001
01110011
001abc00
00000000
afab0001
45789abc
00000111
00000001
00000010
00000011
00001000
00020000
0002ffff
00022222
00033333
00044444
00004444
0000facd
00004444
00004445
00004446
00004447
00044444
00044445
00044446
00044447
0000facc
0000facd
0000face
0000facf
00044446
00000011
00000001
01110011
001abc00
00000000
afab0001
45789abc
00000111
00000001
00000010
00000011
00001000
00020000
0002ffff
00022222
00033333
00044444
00004444
0000facd
00004444
00004445
00004446
00004447
00044444
00044445
00044446
00044447
0000facc
0000facd
0000face
0000facf
00044446
00000011
00000001
01110011
001abc00
00000000
afab0001
45789abc
00000111
00000001
00000010
00000011
00001000
00020000
0002ffff
00022222
00033333
00044444
00004444
0000facd
00004444
00004445
00004446
00004447
00044444
00044445
00044446
00044447
0000facc
0000facd
0000face
0000facf
00044446
00000011
00000001
01110011
001abc00
00000000
afab0001
45789abc
00000111
00000001
00000010
00000011
00001000
00020000
0002ffff
00022222
00033333
00044444
00004444
0000facd
00004444
00004445
00004446
00004447
00044444
00044445
00044446
00044447
0000facc
0000facd
0000face
0000facf
00044446
00000011
00000001
01110011
001abc00
00000000
afab0001
45789abc
00000111
00000001
00000010
00000011
00001000
00020000
0002ffff
00022222
00033333
00044444
00004444
0000facd
00004444
00004445
00004446
00004447
00044444
00044445
00044446
00044447
0000facc
0000facd
0000face
0000facf
00044446
00000011
00000001
01110011
001abc00
00000000
afab0001
45789abc
00000111
00000001
00000010
00000011
00001000
00020000
0002ffff
00022222
00033333
00044444
00004444
0000facd
00004444
00004445
00004446
00004447
00044444
00044445
00044446
00044447
0000facc
0000facd
0000face
0000facf
00044446
00000011
00000001
01110011
001abc00
00000000
afab0001
45789abc
00000111
00000001
00000010
00000011
00001000
00020000
0002ffff
00022222
00033333
00044444
00004444
0000facd
00004444
00004445
00004446
00004447
00044444
00044445
00044446
00044447
0000facc
0000facd
0000face
0000facf
00044446
00000011
00000001
01110011
001abc00
00000000
afab0001
45789abc
00000111
00000001
00000010
00000011
00001000
00020000
0002ffff
00022222
00033333
00044444
00004444
0000facd
00004444
00004445
00004446
00004447
00044444
00044445
00044446
00044447
0000facc
0000facd
0000face
0000facf
00044446
00000011
00000001
01110011
001abc00
00000000
afab0001
45789abc
00000111
00000001
00000010
00000011
00001000
00020000
0002ffff
00022222
00033333
00044444
00004444
0000facd
00004444
00004445
00004446
00004447
00044444
00044445
00044446
00044447
0000facc
0000facd
0000face
0000facf
00044446
00000011
00000001
01110011
001abc00
00000000
afab0001
45789abc
00000111
00000001
00000010
00000011
00001000
00020000
0002ffff
00022222
00033333
00044444
00004444
0000facd
00004444
00004445
00004446
00004447
00044444
00044445
00044446
00044447
0000facc
0000facd
0000face
0000facf
00044446
00000011
00000001
01110011
001abc00
00000000
afab0001
45789abc
00000111
00000001
00000010
00000011
00001000
00020000
0002ffff
00022222
00033333
00044444
00004444
0000facd
00004444
00004445
00004446
00004447
00044444
00044445
00044446
00044447
0000facc
0000facd
0000face
0000facf
00044446
00000011
00000001
01110011
001abc00
00000000
afab0001
45789abc
00000111
00000001
00000010
00000011
00001000
00020000
0002ffff
00022222
00033333
00044444
00004444
0000facd
00004444
00004445
00004446
00004447
00044444
00044445
00044446
00044447
0000facc
0000facd
0000face
0000facf
00044446
00000011
00000001
01110011
001abc00
00000000
afab0001
45789abc
00000111
00000001
00000010
00000011
00001000
00020000
0002ffff
00022222
00033333
00044444
00004444
0000facd
00004444
00004445
00004446
00004447
00044444
00044445
00044446
00044447
0000facc
0000facd
0000face
0000facf
00044446
00000011
00000001
01110011
001abc00
00000000
afab0001
45789abc
00000111
00000001
00000010
00000011
00001000
00020000
0002ffff
00022222
00033333
00044444
00004444
0000facd
00004444
00004445
00004446
00004447
00044444
00044445
00044446
00044447
0000facc
0000facd
0000face
0000facf
00044446
00000011
00000001
01110011
001abc00
00000000
afab0001
45789abc
00000111
00000001
00000010
00000011
00001000
00020000
0002ffff
00022222
00033333
00044444
00004444
0000facd
00004444
00004445
00004446
00004447
00044444
00044445
00044446
00044447
0000facc
0000facd
0000face
0000facf
00044446
00000011
00000001
01110011
001abc00
00000000
afab0001
45789abc
00000111
00000001
00000010
00000011
00001000
00020000
0002ffff
00022222
00033333
00044444
00004444
0000facd
00004444
00004445
00004446
00004447
00044444
00044445
00044446
00044447
0000facc
0000facd
0000face
0000facf
00044446
00000011
00000001
01110011
001abc00
00000000
afab0001
45789abc
00000111
00000001
00000010
00000011
00001000
00020000
0002ffff
00022222
00033333
00044444
00004444
0000facd
00004444
00004445
00004446
00004447
00044444
00044445
00044446
00044447
0000facc
0000facd
0000face
0000facf
00044446
00000011
00000001
01110011
001abc00
00000000
afab0001
45789abc
00000111
00000001
00000010
00000011
00001000
00020000
0002ffff
00022222
00033333
00044444
00004444
0000facd
00004444
00004445
00004446
00004447
00044444
00044445
00044446
00044447
0000facc
0000facd
0000face
0000facf
00044446
00000011
00000001
01110011
001abc00
00000000
afab0001
45789abc
00000111
00000001
00000010
00000011
00001000
00020000
0002ffff
00022222
00033333
00044444
00004444
0000facd
00004444
00004445
00004446
00004447
00044444
00044445
00044446
00044447
0000facc
0000facd
0000face
0000facf
00044446
00000011
00000001
01110011
001abc00
00000000
afab0001
45789abc
00000111
00000001
00000010
00000011
00001000
00020000
0002ffff
00022222
00033333
00044444
00004444
0000facd
00004444
00004445
00004446
00004447
00044444
00044445
00044446
00044447
0000facc
0000facd
0000face
0000facf
00044446
00000011
00000001
01110011
001abc00
00000000
afab0001
45789abc
00000111
00000001
00000010
00000011
00001000
00020000
0002ffff
00022222
00033333
00044444
00004444
0000facd
00004444
00004445
00004446
00004447
00044444
00044445
00044446
00044447
0000facc
0000facd
0000face
0000facf
00044446
00000011
00000001
01110011
001abc00
00000000
afab0001
45789abc
00000111
00000001
00000010
00000011
00001000
00020000
0002ffff
00022222
00033333
00044444
00004444
0000facd
00004444
00004445
00004446
00004447
00044444
00044445
00044446
00044447
0000facc
0000facd
0000face
0000facf
00044446
00000011
00000001
01110011
001abc00
00000000
afab0001
45789abc
00000111
00000001
00000010
00000011
00001000
00020000
0002ffff
00022222
00033333
00044444
00004444
0000facd
00004444
00004445
00004446
00004447
00044444
00044445
00044446
00044447
0000facc
0000facd
0000face
0000facf
00044446
00000011
00000001
01110011
001abc00
00000000
afab0001
45789abc
00000111
00000001
00000010
00000011
00001000
00020000
0002ffff
00022222
00033333
00044444
00004444
0000facd
00004444
00004445
00004446
00004447
00044444
00044445
00044446
00044447
0000facc
0000facd
0000face
0000facf
00044446
00000011
00000001
01110011
001abc00
00000000
afab0001
45789abc
00000111
00000001
00000010
00000011
00001000
00020000
0002ffff
00022222
00033333
00044444
00004444
0000facd
00004444
00004445
00004446
00004447
00044444
00044445
00044446
00044447
0000facc
0000facd
0000face
0000facf
00044446
00000011
00000001
01110011
001abc00
00000000
afab0001
45789abc
00000111
00000001
00000010
00000011
00001000
00020000
0002ffff
00022222
00033333
00044444
00004444
0000facd
00004444
00004445
00004446
00004447
00044444
00044445
00044446
00044447
0000facc
0000facd
0000face
0000facf
00044446
00000011
00000001
01110011
001abc00
00000000
afab0001
45789abc
